0 0 0
1 1 0
2 2 0
3 0 1
4 3 1
5 4 1
6 5 1
7 6 1
8 7 1
9 8 1
10 9 1
11 10 1
12 7 1
13 0 2
14 11 2
15 12 2
16 13 2
17 14 2
18 15 2
19 16 2
20 17 2
21 7 2
22 16 2
23 18 2
24 5 2
25 19 2
26 20 2
27 21 2
28 17 2
29 22 2
30 23 2
31 15 2
32 24 2
33 0 3
34 11 3
35 0 4
36 25 4
37 1 4
38 26 4
39 11 4
40 0 5
41 2 5
42 27 5
43 28 5
44 29 5
45 28 5
46 26 5
47 9 5
48 30 5
49 31 5
50 0 6
51 31 6
52 15 6
53 32 6
54 11 6
55 0 7
56 9 7
57 0 8
58 15 8
59 20 8
60 33 8
61 25 8
62 25 8
63 6 8
64 34 8
65 0 9
66 6 9
67 35 9
68 0 10
69 36 10
70 24 10
71 32 10
72 11 10
73 0 11
74 13 11
75 37 11
76 25 11
77 0 12
78 25 12
79 37 12
80 0 13
81 32 13
82 36 13
83 2 13
84 38 13
85 5 13
86 20 13
87 39 13
88 40 13
89 6 13
90 30 13
91 41 13
92 28 13
93 20 13
94 29 13
95 3 13
96 42 13
97 26 13
98 43 13
99 44 13

0 1 0
1 0 2
1 2 3
2 1 2
3 4 3
4 3 3
4 5 2
5 4 2
5 6 2
6 5 1
6 7 3
7 6 0
7 8 1
8 9 2
9 10 1
10 9 2
10 11 1
11 10 1
11 12 0
12 11 0
13 14 3
14 13 2
14 15 0
15 14 2
15 16 2
16 15 0
16 17 2
17 18 2
18 17 1
18 19 2
19 18 3
19 20 1
20 19 3
20 21 2
21 20 0
21 22 0
22 21 0
22 23 0
23 22 2
23 24 3
24 25 0
25 24 2
25 26 2
26 27 0
27 28 0
28 29 2
29 28 2
29 30 3
30 29 0
30 31 0
31 32 0
33 34 0
34 33 0
35 36 0
36 35 1
36 37 2
37 36 3
37 38 2
38 37 0
38 39 1
39 38 2
40 41 0
41 40 0
41 42 0
42 43 0
43 42 2
43 44 0
44 45 3
45 44 3
45 46 0
46 47 3
47 48 0
48 47 0
48 49 3
50 51 0
51 50 3
51 52 2
52 51 0
52 53 1
53 52 0
53 54 3
54 53 0
55 56 1
56 55 2
57 58 2
58 57 0
58 59 0
59 58 2
59 60 0
60 59 0
60 61 0
61 60 0
61 62 0
62 63 2
63 62 2
63 64 2
64 63 0
65 66 0
66 65 0
66 67 0
68 69 1
69 68 3
69 70 1
70 69 3
70 71 1
71 70 2
71 72 2
73 74 2
74 73 3
74 75 1
75 74 2
75 76 0
77 78 1
78 77 3
78 79 0
79 78 2
80 81 0
81 80 0
81 82 0
82 81 1
82 83 2
83 84 2
84 83 2
84 85 0
85 84 3
85 86 1
86 87 2
87 86 3
87 88 2
88 89 2
89 88 0
89 90 0
90 89 0
90 91 2
91 90 2
91 92 2
92 91 0
92 93 2
93 92 1
93 94 1
94 93 1
94 95 2
95 94 0
95 96 0
96 95 0
96 97 0
97 98 0
98 99 2
99 98 3
