254 111
236 324 !
51 917
422 2595
1002 2561
2180 1749
2016 2108 !
2370 2943 !
111 1055 !
496 1102
287 794 !
456 1509
31 222
588 1604 !
2069 1151 !
2848 958 !
512 910 !
1771 2079
1203 1597
1980 2653 !
734 734 !
2716 1842
1996 725
1781 2843
1344 2481 !
1703 2863 !
2724 654
1472 1534 !
1610 2089
2156 1254 !
2436 638
526 318
2971 1010 !
2292 1199 !
932 1397 !
1412 2329
2423 1985
1491 1615 !
2905 519 !
400 2784 !
648 1422
2245 912
1680 1522
84 2673
1601 2247 !
1272 1972 !
377 1665 !
2255 2470
2428 1591
1273 1091
231 239
1857 1694
2789 934 !
11 955
519 2615 !
2998 675
1766 1617
2245 905
2375 1530
2478 140 !
133 1948 !
1738 2261 !
2770 2962
364 244
619 1982
2903 442
26 1222
621 459
2494 574 !
1567 2078 !
836 190
618 1932
402 21
1602 2647
2379 1898 !
1993 351 !
2923 811
2135 680 !
1126 997
1296 2768
2350 2261
1831 195
2619 2606
2612 2648
1370 334
2291 2663 !
1433 233 !
1096 2218
209 2324 !
1904 1771 !
665 1219
408 449 !
347 1950 !
2105 1428 !
28 420
504 1368 !
2174 1229
300 2220 !
1827 2705 !
88 498
1462 2824 !
906 756
2147 1434 !
2114 1348
844 2475
2088 172 !
1824 2680
2462 1512 !
1645 1658 !
1715 2872 !
1964 1659 !
2589 1939
1055 2009
1523 2685
1952 1570
1341 2906 !
1332 1431
2014 1981 !
1434 2796 !
492 2425 !
1024 500
127 2839
200 1886 !
679 1924 !
358 1456
599 1523 !
2068 1437
1972 2385 !
211 1261 !
1645 2493 !
312 813
2125 2022
2792 230 !
2082 1136 !
2661 1834 !
2399 1743 !
2278 722
1383 837
2559 1678
1044 1115 !
1630 2155 !
2858 636 !
2723 1596
2102 520 !
1383 1003
1126 651
2756 660 !
2340 1228
1515 649
570 1636
1011 2255
1721 2231
468 2351 !
1828 2972
2997 2053
906 2629
1251 911 !
2806 2186
2769 1780 !
1447 2440
1138 135
1328 1245
1794 1635
549 205 !
1164 146
912 2882
2226 2478
2034 1278
841 472 !
2863 92 !
304 1820 !
1722 793 !
1190 1671 !
725 700 !
100 1559
1153 2727 !
1309 1187 !
1808 1507 !
201 2987
1642 1440
1905 572
2271 1462
1674 762
1671 252 !
92 862
2845 1594
1712 2823
1281 2925
1101 2534
2924 2465
2571 1649
961 1588 !
1429 683 !
599 2252
2527 1609
1679 1290
705 386 !
2595 2298 !
1018 2887
2 1561
269 2750 !
832 1799
1955 1457
2056 1705 !
1854 199
1252 664
1973 500
2488 759
1337 2585 !
968 2855
861 1088
1550 2963
1771 479
1903 234
424 510 !
1886 858 !
281 2097
2179 2386 !
2945 724 !
660 1076
2122 628
162 1048
402 1516
2131 2406
2153 352 !
2704 1546 !
1873 2529 !
1267 1115 !
2991 1927
2805 1560 !
933 2387 !
1103 1183 !
129 891
1521 456 !
2745 1989 !
1503 380
2366 192
2223 305 !
1088 876
2435 1801 !
108 996
2400 2390 !
2418 2545
1872 824
1532 2812 !
1328 2832
822 1194 !
495 95
19 1664 !
1294 1050
1401 1333
940 1105
2586 264 !
343 2032
2446 54 !
2227 1918
2985 1832 !
2747 2416
1135 2074
873 2889
583 2209
596 1788
1891 1277 !
2330 2648 !
1822 1777
2324 1742
2616 240
1862 1178 !
1917 1501
429 2037
1139 2878
2904 1948 !
1790 2533
590 2295
1726 1368
617 1341
1122 241
956 1544 !
1451 710
513 227
121 2482
2045 315 !
190 2185
1984 1941 !
2374 1139
2533 151
215 1742
644 363 !
2659 2657
602 2708
1256 45 !
490 579 !
1489 1831 !
266 974
1372 818 !
953 1750
2811 1366
95 2665 !
1618 1619 !
597 1290 !
2916 205
2744 1685
616 1202 !
1233 2817
2454 2389
1955 2548
819 148
2064 2970
1157 1295
1809 2603
2150 459
1541 503 !
3 249
2754 933
2298 1328
1392 1808
654 2645 !
874 1550 !
1477 725
2355 1894
1511 1908
227 1527
286 1361 !
2685 826
1700 1323
957 2518
1344 2548
1671 1422 !
1929 396 !
1083 1721
2205 1653 !
1444 2973 !
1986 2007
2582 714 !
1566 513
341 936
469 297
1071 1612 !
1832 598
2229 232
2702 1502
1616 807 !
1017 2344
2066 851
1147 275 !
2131 1449
187 771
37 761
505 1334 !
2823 14 !
721 2953
2226 950 !
1710 209 !
1352 2234
1216 1526
2923 1029
889 1139
589 460
1568 2738
2529 1587
2607 913
2231 733 !
243 990
2644 850
2200 2844
440 458 !
1757 2746
2269 2048
2266 772 !
745 1279
77 317
1097 1943
1037 245
1488 1437
2707 5 !
2464 1182
630 881 !
1585 1893
2123 2569 !
2758 224
1528 1990
2148 965 !
1297 348 !
240 2116 !
1488 2495
1791 2979 !
678 469
2475 2725
1944 1896 !
1164 480
2826 1396 !
697 2147
2038 45
2949 247
234 2167 !
636 378
614 2276
1590 967 !
2748 1573
1944 2649 !
414 173
1411 1829 !
2506 2025
1691 2822 !
2961 1910 !
1315 1109
900 2587 !
2695 1857 !
599 1930
1988 91
80 1202
131 686 !
1698 1020
393 2773
2742 334
1502 959
212 16
1129 2940 !
944 1165
349 281 !
1735 442
456 1667
1159 2267 !
1694 686
854 2930
267 1831
92 1303
669 76 !
731 2095 !
383 2855 !
661 402 !
2878 380 !
1544 2635 !
195 1566 !
711 2491
2003 2886
1882 2271 !
2295 1384
2764 2432
1608 683
1563 1368
1836 889
908 199
772 1699 !
1048 529
413 1141
1921 2534 !
1699 1800
2547 330 !
2573 2315
694 2014 !
2753 2362
585 2785
91 2283
2400 366
928 1237
2678 783
2682 1611 !
136 2406
421 65 !
504 1485
2181 2220
2335 378 !
1239 1401
2121 1607 !
2922 2818 !
692 2209
1226 982
2266 33 !
1405 924
1259 695
402 1453 !
2869 1449
2089 929
1862 1047 !
2730 950
985 2317 !
2913 2716 !
2720 844 !
943 1334
2988 1006
261 2330
1248 768
1168 768
2260 556 !
931 698
1403 677 !
2160 1352 !
39 899 !
618 2972
790 2604
1078 2065
636 2093
958 1493 !
402 380 !
1780 319
209 1081
344 2937
1857 2189
1127 327
719 2596 !
2469 339
1905 2725
2397 1942
155 2974
634 1570
2606 2746
1325 1192 !
2670 2112
2070 2020
1285 1432
2162 1314
400 460 !
2791 2464 !
566 532
2577 1362
1513 2156 !
1224 454
282 2921
2269 2726 !
2760 583
2891 1554
1190 1610 !
1096 859
2976 2960
1699 2282 !
286 2561
2372 1423
2167 129 !
1605 68
718 1631
1906 201
2601 2288 !
2087 339
406 2844
802 1303
1965 2519 !
1520 1500
2444 2256 !
1611 1008
1247 1802 !
1210 2212 !
1014 2666 !
941 1868
1710 1420 !
924 2989
1784 529
2932 73
2775 1609
1460 1737
2171 1321 !
23 808
1498 1219
2316 2557 !
1040 791 !
2665 1831
2891 2591
1468 2603 !
2668 1040
2775 2520
260 2599
312 2377
1267 2086
1267 1715
1721 596
939 582 !
1098 1179
176 511
1836 276
2491 662 !
552 2354
150 1047
2003 202
365 2164 !
2637 651
1679 2643 !
447 2389 !
348 1968
1910 1872 !
1458 2964
1231 1867 !
438 1370
1768 2837 !
2543 261 !
44 2735 !
1567 670 !
1292 636
179 430
2198 2647 !
1873 575 !
250 2441 !
2102 2795
1511 1186
1771 1753
2064 1922
651 1813
1334 1474 !
1712 827
1269 2058 !
1431 2152 !
2744 1677
1219 26
1282 1935 !
237 324
515 1593
2721 1316 !
2601 531 !
1200 968
1203 416 !
679 2187 !
361 2255
1578 396
1744 2114
805 1584 !
1256 2934 !
1532 662 !
1487 138
2778 371
698 1448
302 2472 !
392 1955
65 2032 !
1761 2356
1352 720 !
1849 2827
2676 2181
614 931
1537 2040
1682 496
1943 2777
2231 1546
1368 2327
1424 1001
1071 2047 !
2162 1784
137 2456
2270 1647 !
1700 1284
1146 2880
1913 386 !
1401 2166 !
1228 1221 !
1959 800 !
988 2328 !
395 2622
986 1021 !
843 811
2118 874
1747 2213 !
1782 1166
2722 1723 !
968 836 !
2722 1338
45 910 !
1953 2418 !
1342 1446
2497 74
2420 131 !
291 1026
1070 2540
450 1239
712 2242 !
2857 2210 !
2138 358
1749 73 !
41 277
1288 2036
1384 1587
973 1500
1040 2628
2535 2084
2113 1426
2602 1540
1469 2974
2401 2907 !
1121 2553 !
2479 2198
1181 1192 !
1761 2172 !
14 1138
1575 1057
571 813
1468 5
1547 2235
2884 2707 !
1822 2551
2603 2690
1078 1573 !
512 2487
555 2333
649 934
1968 2752
1776 1670 !
1411 2973 !
505 891
1781 2477
1118 2030 !
1351 2220 !
1004 1947 !
252 1764 !
2543 2912
2555 476 !
58 2958
2448 2295
2661 2525 !
568 1302
2328 2934 !
912 2695
1509 739
2206 2785
2802 1921
2051 1214
2859 2076
1065 866 !
2912 2495
1447 2749
1021 975 !
713 2940 !
509 44
2850 455 !
318 2474 !
1864 1306
1110 1039
2617 485 !
548 2919 !
208 58
2097 1627 !
690 2667
836 13
2154 941
1455 125 !
2517 796
1117 411 !
837 436
2794 1591 !
151 1418
1499 1416
854 2622 !
2714 1059
265 209
445 141 !
884 360
1710 1003 !
2181 1309 !
1016 454
2111 900
207 2976
1042 985
494 446 !
2353 237
2265 1785 !
905 1353
2634 218 !
2757 2361 !
508 846 !
1673 1610
1798 2576 !
350 2297
1039 196 !
1375 1361
1735 2553
2994 2294
1263 2835
153 162 !
46 1612 !
560 2453 !
311 806
2413 203 !
171 2052
1119 2604
481 2810
2820 2688
2462 2924 !
1120 2653 !
2093 1329 !
2244 2312
2062 993
2254 1746 !
1143 2424
1214 2455 !
1878 1888
1453 1474
1181 488
1540 1286 !
549 449
2104 300 !
2849 2442
831 1368 !
844 1163 !
630 362
533 1414
2471 1975
14 2649 !
647 2088
2157 924 !
410 871 !
131 1364
1706 2645 !
738 931 !
1706 505 !
1798 586
778 713
956 369 !
258 2483 !
1952 2072
2595 40
743 2548
665 1630 !
1381 1499 !
430 2030
1385 2328 !
810 2968
198 692 !
732 1092 !
2667 1465 !
938 947
982 2741
1938 2482
479 571 !
451 63
2921 2590 !
920 2565
1801 2063
1959 68 !
2705 2684 !
1280 1995 !
2274 2128
1808 2762 !
2620 675 !
269 6 !
1921 30
1391 1861
2331 946
1249 669
571 274
458 2315 !
2757 2264
67 537
548 1347
987 352 !
2651 1325
575 1631 !
1542 2135
1719 164
2229 484 !
759 1937
2082 1533
403 1019
686 2679
1219 2523
2221 1330 !
933 62 !
1475 769
100 1859 !
1325 129
2713 2256 !
674 1283 !
1990 2408 !
2388 1768
1529 812
2512 17
2319 1238
2037 136
715 326
2323 1676 !
1570 985 !
933 2180 !
2805 271 !
2699 37
1608 2800
116 2078 !
2411 477
2155 671 !
1481 989
2093 1341 !
1259 2282 !
892 1814 !
878 499
1114 1243 !
360 2860
1476 2694
1602 1295 !
2699 933 !
413 2101 !
2171 2702 !
1130 1906 !
2144 2171 !
724 1532 !
1614 918 !
2338 1973
2453 2819
2335 1525
1488 485
9 1383 !
518 552
1046 1636
1390 560 !
710 1659
60 2096
1186 2736 !
50 2695
2068 1662 !
1616 2901
951 62 !
771 1513
1403 2264 !
2925 1099
2793 1163 !
627 2627
1745 2136
2706 1883
352 1582
769 1228
1673 462
785 951
996 2518
1656 2156 !
2049 939 !
2786 1182 !
568 2640 !
56 69 !
2506 2436 !
2292 1609 !
2186 772
1443 2641 !
2266 887
821 1086
336 209
979 2229
2869 21
1839 917 !
2689 2925 !
2299 398
373 825 !
2702 2945
514 1306 !
1443 1371
1295 2176
568 1448
1414 2942
321 563 !
2560 2154 !
2060 2709
2507 1979
348 799
174 2712
1687 2069 !
1826 174
490 2522 !
139 2367 !
2571 2889
2478 1539 !
893 831
1910 1723
1136 2819
8 2257 !
1490 739
1332 2144
1656 2979 !
1194 1979 !
675 1093
639 886
798 1891 !
2210 1423
2613 538 !
229 171
1359 2073 !
657 394
2485 1612 !
2731 1701
189 2476 !
2188 124 !
2542 2189 !
602 1728 !
935 2786 !
1145 2824 !
1294 2240 !
1314 2989 !
1021 865 !
477 840 !
1755 889
2062 2540 !
2075 828 !
37 638
2320 1310
128 860
859 1016 !
539 2518
956 1660
2989 2113
2529 1278 !
2811 1562
2589 1638 !
1539 1093
2177 1154
2078 878
2913 1434
186 2682 !
292 885 !
1222 2958
QUIT
