20 15 0
2
17 22 23 [15] 20 33
10
22 [17] 7 16 18 5 19
12
41 30
2
27 [28] 41 30 6
7
38 [2] 0
7
17 7 16 18 [5] 4
11
7 16 18 5 19 [20] 29 3 42 26 43
13
12 13 14 15 16
8
41 30 [6] 7 8 9 10
12
20 15 [0] 32
7
7 16 18 5 19 20 21
5
32 [0] 25
5
30 [6] [5] 38
13
24 [32] [15] 16 17 7
16
32 36 2 38
4
28 [20] 33 [25] 37
12
14 [15] 20 33 [25] 6
9
13 12 [11] 32
7
3 29 [20] 15
8
30 41 28 20 29 3 42 26 43 44
11
32 11
2
28 26 9
3
12 11 [0] 32 36 2 38 5 20 39
16
41 28 [20] 21 17 22
11
1 [0] 2 27 [28] 41
12
4 [5] 19
7
31 [0] 6 35
8
41 28 20 29 3 42 26 43
7
41 30 6
2
30 41 28 20 29 3 42 26 43
9
30 [9] 8
7
15 16 17
3
ouch
null
999999996
26 1
0
37 13 [0] 32
10
15 [20] 39
7
41 28 20 29 3 42 [26] 1
12
9 [0] 15
9
34 6 [25] 33
7
11 [0] 3 4
10
1 [26] 43
7
25 33 [20] 21 [17] 7 16 18
12
27 [28] 41 30 [6] 5
12
29 [20] 15 [0] 2
13
2 38 5 [20] 21 17 22
10
41 28 [20] 15
11
23 [15] [0] 2 27 28 29
10
4 5 6
5
3 42 26
0
ROUTE NOT FOUND
18 [5] [6] 35
16
ROUTE NOT FOUND
ouch
null
999999996
22 23 [15] [20] 39
15
11 0
0
5 19 20 21 17 22 23 [15] 14
13
1 [0] 9
8
18 5 19 20 21
5
30 41 28 20
6
6 30 41
2
7 16 18 5 19 [20] 33
10
25 33 20 [15] 14
8
32 36 2 38 5 20 39 40 6 30 41 28
15
30 41 28 [20] 21
11
19 20 21 17 22 23 [15] 14
13
41 28 20
4
7 10 [9] [0] 6 35
13
39 40 [6] 5 4
10
33 [20] 21 17 22 23
10
7 [17] 22 23 15 24
10
ROUTE NOT FOUND
25 [6] 30
7
34 6 [25] 33
7
42 3 29 [20] 39
8
27 28 29 28 26 [9] 10
12
17 22 23
5
4 3 [0] 31 15
12
39 40 6 30 41
6
7 8
2
7 10 [9] [30] 6 40
11
16 [15] 20 33 [25] 37
13
8
0
21 [17] [7] 8
14
34 [6] 30 41 28
9
22 23 [15] 20 33 [25] 6
10
40 [6] [5] 38
15
8 9 10 [7] 16 18 5 19 20
12
18 5 19 [20] 33
10
ouch
null
999999996
5 6 7 8 9
7
11 32 [15] 16 17
8
1 [0] 32 36
7
42 [26] [9] 10
14
4 [3] 29 20 28
9
17 7 16 18 5 19 [20] 29 3 42
15
18 [5] 4 3
11
19 20 21 17 22 23 15
7
34 [6] [0] 2 27
10
10 [7] 16 18 5
8
41 28 20
4
41 30 [6] [5] 38
15
14 15 16 17 7 16 18 5 19 [20] 29 3 42 26 43 44
22
4 5 6 [7] 16
11
8 [9] [0] 6 35
13
38 [2] [0] 32
12
ouch
null
999999996
22 23 [15] [0] 11 12
16
ouch
null
999999996
38 [5] 19
5
10 [9] [0] 2 27
13
2 27 28 29 28 26 [9] 10
12
20 15 0
2
7 10 [9] [0] 1
13
38 2
2
41 28 [20] 33 25
9
29 20 28 41 30 [6] [5] 19
14
30 [6] [7] 16 18
11
41 30 [6] 7 8 9 10
12
9 [0] 15 20 33 [25] 6 34
13
38 [2] [0] 32
12
6 30
0
11 32 [15] [20] 21 17 22
12
4 3 [0] 25 37
11
30 [6] [7] 16 18
11
13 37 25
1
41 28 [20] 21
9
19 20 21 17
2
18 16 [7] 10
7
40 [6] 7
8
0 32 36
0
30 [6] 35
5
7 16 18 5 19 20 21 17 22 23 15 [24] 36
18
37 [13] 14 15 16
13
5 4 3 [0] 32
11
1 26 [11] 12 13 14 15 16 17 7 16 18 5 19 20 21
24
36 32 [0] 31
6
3 29 [20] 21 17 22
8
38 [5] 6 7
9
21 [17] [7] 10
12
23 [15] 20 33
5
22 [17] 7
9
ROUTE NOT FOUND
12 [11] [26] 43 44
16
ROUTE NOT FOUND
27 28 [29] 3 42 26 43 44
9
42 3 29 [20] 21 [17] 7 16 18
13
40 [6] 0
7
20 29 3 42 26 43 44
5
41 30 [6] [0] 11
12
28 26 9 30 31
6
12 13 14 15 16 [17] 22
16
24 36 [0] 3 4 5 6 7 8 9 10
26
36 2 38 5 20 39 40 6 30 41 28 20 29
18
12 11 [0] 6 35
9
42 3 29 20 28 41 30 [6] 7 8
12
2 38 5 [20] 21 17 22 23
13
18 5 19 [20] 29 3 42
13
21 17 22 23 [15] 20 33 25
10
24 [32] [15] [20] 21 17 22
18
38 [5] 6 7 8
11
32 24
2
16 18 5
3
23 [15] 20 33 [25] 6 34
9
1 [0] [9] 10
14
28 41 30 [6] 5 4
8
3 29 [20] 21 17 22
8
6
0
36 2 38 5 20 39
7
26 [11] 12
6
28 [20] 39
9
2 [0] 15 20 33
7
8 [9] [0] 2 27 28 [29] 3 42 26 43 44
22
30 9
0
31 [0] 2 27
8
42 [3] 4 5
9
6 40
0
2 27 28 29 28 26 [9] 8
13
ouch
null
999999996
18 [5] 4 3
11
7 16 18 5 19 [20] 33
10
ouch
null 33
999999999
27 28 29 28 26 [9] 10
12
41 30 [6] 25
9
0 [6] 30
5
3 29
0
40 [6] [0] 11 12
15
25 [0] 32 36
6
ouch
null 10
999999999
39 40 [6] 7 8
12
3 29 20 28 41
2
44 43
3
8 9 10 [7] 16 18
7
16 [15] [0] 1
13
7 16
0
41 30 [6] 5
7
42 3 29 20 28 41 30 [6] 7 8
12
14 15 16 17 7 16 18 5 19 20 21
12
6 [7] 16
6
2 38 5 [20] 21 17 22
10
13 0
3
14 [15] [20] 28 41
13
22 23 [15] [20] 29 3 42 26 43
16
11 12 13 14
4
12 11 [0] 3
12
7 16 18 5 19 20 21
5
1 [25] 33
8
21 17 22 23 [15] 0
10
41 [30] 9
7
11 12
0
23 22 [17] 7 16 18 5
12
13 14 15 16 17 7 16 18
9
ouch
null
999999996
0 3 4 5 6 7 8
13
32 36 2 38
4
25 33 [20] 29 3 42
8
13 12 [11] 26
9
3 [0] 6 35
8
9 [0] 15 20 33
9
18 16 7 17 16 15 14
9
42 [3] 4 5
9
ouch
null 34
999999999
13 37
1
ouch
null
999999996
13 37 25
1
2 [0] 25 37
6
27 28 29 28 [26] [11] 12 13 14
18
10 [9] [0] 2 27 28 29 28 26
16
30 41 28 20 29 3 42 26 43 44
11
14 15 16
4
4 3 [0] 13
12
30 [31] [15] 14
16
5 20 39 40 6 30 41 28 20 29 3 42 26 43 44
18
19 [5] 4 3
10
ROUTE NOT FOUND
5 19 20 21 [17] 7 16
9
23
0
2
0
25 33 [20] 39
7
30 41
2
38 5 20 39
3
8 [9] [0] 2 27 28 [29] 3 42 26 43 44
22
20 29 3 42 26
3
4 3 [0] 15 20 33
12
41 30 [6] [5] 19
12
3 42 26 43 44
2
29 28 26 9 30 31
9
9 [0] 11
7
0 32 36
0
23 [15] 14
6
9 [30] 41
7
26 [9] 10 [7] 16 18 5 19
17
14 [15] 0
7
10 [7] 16 18 5 19 [20] 29 3 42
18
11 [0] 25 37
6
40 6 30 41
4
ROUTE NOT FOUND
ROUTE NOT FOUND
23 [15] [0] 11 12
13
6 5 4 [3] 42 26 43 44
10
31 [15] [20] 39
14
0 2 27 28
0
39 [20] 21 17 22
10
23 [15] [20] 28 41
11
7 10 [9] [0] 13
15
23 [15] [20] 21
10
0 15 20 33 [25] 6 34
6
37 [13] 12 11
9
34 6 [25] 1 26
11
38 5 [20] 21 [17] 7 16
13
39 [20] 29 3
11
13 37 [25] 6 34
10
39 [20] 21 17 22 23 15 24
13
ouch
null 21
999999999
15 16 17 7 16 18 5 19
8
42 3 29 [20] 21
6
12 13 14 15 16 17 7 16 18 5 19 20
16
ROUTE NOT FOUND
3 4 [5] 38
12
1 [25] 37
8
0 13
2
6 [0] 32 36
5
27 28 29 28 26 [9] 10 [7] 16 18
17
10 [7] 16 18 5 19 20 21 17 22
12
1 [0] 9
8
16 18 5 19 20 21 17 22 23
10
ROUTE NOT FOUND
30 [6] [0] 13
12
25 33 20 [15] 14
8
26 9 [30] 6 40
8
16 7
0
13 14 15 16 17 [7] 10
14
40 [6] [5] 19
12
34 [6] [0] 13
12
26 1 25 [0] 32 36 2 38 5
13
ROUTE NOT FOUND
39 40 [6] [5] 38
17
7 16 18 5 19 [20] 29
11
34 [6] [7] 16 18
11
5 20 39 40 6 30 41 28
11
41 30 [6] 7 8 9 10
12
41 30 [6] [0] 13
14
7 16 18 5 19
3
21 [17] 7
7
24 [32] 36 2 38
10
39 40 [6] [0] 11 12
17
12 [13] 37
8
2 [0] 15 20 33
7
20 15 [0] 9
8
4 3 [0] 2
10
0 36 24
2
16 [15] 31
8
6 30
0
19 [20] 33 [25] 6
9
32 [0] 3 4
10
ouch
null 19
999999999
28 29
0
7 16 18 5 19 [20] 33
10
39 40 6 30 41 [28] 27
15
26 [11] 32
6
24 [32] 36 2 38
10
39 [20] 21 17 22
10
42 [26] 9
8
11 32 15 31
0
12 11 [0] 2 27 28
9
19 [20] 33 [25] 1
14
19 20 21 17 22 23 15
7
22 23 [15] [20] 29 3 42 26
16
3 29 20 28 41
2
15 [0] 9
6
25 [6] 5 4
8
30 [6] 5 4 3
8
34 6 [25] 33 20
7
8
0
31 15
2
1 [0] 2 27
7
41 30 [6] 34
9
28
0
1 26 [11] 12
8
ouch
null 21
999999999
26 1 [25] 33 [20] 21 17 22
15
29 20 [28] 27
9
17 22 23 15 [24] 32 11
13
29 3 42
2
39 40 6 30 41 28 20 29 3 42 26 43
13
9 10 [7] 17
6
41 28 [20] 15
11
19 [20] 15 [0] 13
16
42 3 29 20 28 41 30 6
4
4 5 [6] 30
10
37 [25] 33 20 [15] 24
12
23 15 [24] 36
8
19 [20] 33 [25] 37
12
33 20 15 [0] 32
7
10 [9] [0] 2 27
13
39 [20] 33 [25] 37
13
25 [6] 30
7
12 13 14 15 16 17 7 16 18 5 19 20 21
16
14 [15] 20 33 [25] [6] 40
14
19
0
36 2 38 5 20 39 40 6 30 41 28 20 29 3
20
27 28 29 28 [26] [11] 12 13
16
20 15 0
2
33 [25] [6] [5] 19
12
19 [20] 15 [0] 32 36
14
27
0
42 3 29 [20] 21 [17] 7 16 18
13
9 10 [7] 16 18 5
9
41 30 [6] 5
7
11 32 [15] 20 33 [25] 6 34
9
22 [17] 7 16 18 5 19 20 21
14
23
0
15 [20] 39
7
40 6 30 41 28 [20] 21 17 22
15
9 [0] 3
10
ouch
null 14
999999999
31 [15] 20 33
7
23
0
6 [0] 11 12 13 14
12
26
0
40 6 30 41 28
6
18 16 7 17 16 [15] 32
14
22 [17] [7] 10
14
18 5
3
20 21 [17] 7 16
7
26 9 30 31
6
42 [3] 4 5
9
23 [15] [0] 2 27 28 29 28 26
13
30 41 [28] 27
11
10 [9] [0] 32 36
13
ouch
null
999999996
2 27
0
37 [25] 1 26
9
37 13 [0] 6 35
10
11
0
39 40 [6] 7
10
18 5 19 [20] 15 [0] 11
17
24 [32] 36 2 38 5 20 39
13
ROUTE NOT FOUND
8 [9] [0] 3
16
ROUTE NOT FOUND
3 [0] 36 24
10
9 10 [7] 16 18 5 19
9
34 [6] [0] 31
10
25 [37] 13
7
19 [20] 15 [0] 2 27
14
40 [6] 35
7
14 [15] 31
7
6 [0] 13
7
ROUTE NOT FOUND
2 38
2
18 5 19 [20] 33 [25] 6 34
14
38 [2] 0
7
34 [6] 30 41
7
10 [9] [0] 11 12
16
38 [2] [0] 32 36
12
31 [15] [20] 39
14
1 [0] 9
8
39 40 6 30 41 28
8
26 1 25 [0] 2 27 28 29
9
2 27 28 29 28 26 [9] 10
12
0 15 20 33
2
ROUTE NOT FOUND
21 [17] 7 16 18 5 19
10
24 36 0
6
15 [20] 21 17 22 23
10
14 [15] 31
7
ouch
null
999999996
9 10
1
24 36 [0] 2 27 28 29
11
17 22 23 [15] [0] 1
15
40 6 [30] 31
10
33 [20] 21 17
5
0 2 27 28 29
0
2 [0] 36 24
7
34 [6] 5 4
6
4 [5] 19 20 21 17 22 23
14
31 15 [32] 36 2 38 5 20 39 40
17
26 [9] 8
10
9 [0] 6 35
7
36 32 [0] 2 27 28 29 28 26
9
31 [0] [6] 40
13
1 [2] 38 5 20 39
13
33 [25] [6] 30
7
7 [17] 22 23 15 24
10
9 10 [7] 16 18 5
9
16 18 5 19 [20] 29 3 42 26 43
13
42 3 29 [20] 21 17
6
ROUTE NOT FOUND
19 [20] 29
8
16 [7] 10
5
10 [9] [0] 2 27 28
13
37 [13] 14 15 16
13
27 [28] 41 30 6
7
22 23 [15] [0] 1
13
41 30 [6] [0] 1
12
40 [6] [0] 1
12
28 27
2
12 [11] [26] 43
14
25 33 20 [15] 24
7
22 23 [15] 14
9
33 [20] 29 3 42 26
8
31 [0] 13
10
9 [0] 15 20 33
9
1 [0] 3
10
7 10
0
36 32 [0] [6] 7
12
17 22 23 15 24
5
25 6 34
4
ouch
null 39
999999999
6 [7] 17
6
ouch
null
999999996
18 16 7 17 16 [15] 31
13
41
0
18 5 19 20 21 17 22 23 15 24
10
1 26 [11] 12 13 14
12
32 [15] 16
7
0 32 36 2 38
4
30 [6] [7] 16
11
ROUTE NOT FOUND
7 16 18 5 19 20
5
16 [15] [0] 13
15
31 [15] 16 17 7
12
3 [0] 32 36
8
38 2
2
31 [15] 16 17 7 16 18 5 19 20 21 17 22 23
22
41 28 20 29
5
ouch
null 40
999999999
8 [9] [0] 11 12
16
18 5 19 [20] 29 3 42 26
13
5 4 3
3
19 [20] 33 [25] 37
12
40 [6] [0] 1
12
27 28 29 28 [26] [11] 12 13 14
18
33 20 15 [0] 32 36
7
9 [30] 6
5
39 40 [6] [0] 11 12
17
2 27 28
0
4 [3] 42 26 43 44
9
7 17 16 [15] 32
12
14 [15] 20 33 25
7
20 29 3 42 26 43
3
30 31
3
38 5 20 39 40 6
7
33 20 15 0
2
31 [0] 2 27 28 29
8
2 27 28 29 28 26 [9] 10
12
20 [15] 14
8
26 [11] 12 13
8
12
0
36 2 38 [5] 4
10
23 [15] [20] 29 3
13
0 15 [20] 21 17 22 23
12
41 28 20 29 3 42 [26] 1
12
31 [15] 16 17 7
12
36 24 32 [11] 12 13 14 15 16
17
ROUTE NOT FOUND
32 0
0
33 20 15 [0] 11 12
10
5 [20] 33 [25] 6 34
10
26
0
34 [6] 0
5
25 33 20 [15] 16
9
44 43
3
22 23 [15] 20 33 [25] [6] 40
15
0 2 27 28 29 28 26
3
33 20
0
20 15 [0] 2
7
21 17 22 23 [15] 20
10
18 5 19 20 21
5
5 38 2
5
8 9 10 7
2
2 [0] 15 20 33
7
36 2 38 5
4
9 [0] 15 20 33
9
37 13 [0] 2 27 28
10
26 1 25 [0] 32 36 2 38
13
14 [15] 20 33 [25] 37
12
33 [25] [6] 30
7
1
0
31 15 32 11
6
2 [0] 11 12 13 14 15 16
16
18 5 19 [20] 15 [0] 32 36
17
10 [7] 16 18 5 19 [20] 29 3 42 26 43 44
20
21 17 22 23 [15] [0] 2
15
26 1 [25] 33
8
33 [25] [6] 7 8
10
ouch
null 34
999999999
32 [0] 1
5
32 [0] 2 27 28
5
19 [20] 33 [25] 6
9
32 [0] 2 27 28 29
5
ouch
null 35
999999999
31 15 [32] 36 2 38
12
13 37 [25] 33 [20] 21 17 22
13
28 20 29 3 42 26 43
5
38 [2] [0] 31
12
16 [15] 31
8
15 [0] 2 27 28 29 28 26
8
32 [15] 16 17 7
10
33 20 15
2
5 [20] 33 25
6
ouch
null
999999996
30 41
2
8 [9] [0] 11
13
23 15 [24] 32 11
8
21 [17] 7
7
6 [0] 2 27
5
ROUTE NOT FOUND
21 17 22 23 [15] [20] 29 3
18
36 2 38 5 20 39 40 6 30 41 28 20 29 3 42
20
18 5 19
3
39 [20] 21 17 22 23 15 24
13
10 [9] [30] 6 40
11
23 [15] 20 33
5
26 9 30
3
ROUTE NOT FOUND
2 38 5 20 39 40 6 30 41 28 20 29 3 42 26 43
18
29 3 42 [26] [11] 12 13
15
ouch
null 41
999999999
38 5 20 39 40 [6] 35
12
25 33 [20] 29 3 42
8
12 11 [0] 3 4
14
27 28 29 28 [26] 1 [25] 37
16
9 [0] 32 36
7
40 [6] [7] 16
13
29 20 28 41 30 [6] 7
10
27 [28] 41 30 [6] 5
12
0 6
0
14 [15] [0] 2
12
12 13 14 15 16 17 7 16 18 5 19
14
25 [0] 2 27 28
6
21 17 22 23 [15] 20 33 [25] [6] 40
17
7 17 16 15
6
5 19 20 21 17
2
8 [9] [30] 41
13
34 [6] 5 4 [3] 42 26 43 44
15
30 [6] [0] 32 36
10
6 [0] 13
7
13 37
1
2 [0] 11 12 13 14 15 16
16
0 32 36
0
30 [6] [0] 2
10
3 29 [20] 21
6
34 [6] [5] 19
10
42 3 29 [20] 21 17 22 23 15 24
11
39 [20] 29 3
11
22 23 15 [24] 32 11
11
18 5 19 [20] 15 [0] 13
19
26 9 30 31
6
11 [0] 6 35
5
12 11 [0] 2 27 28 29
9
36 2 38 [5] 4
10
42 3 29 [20] 21
6
0 3
3
34 [6] 30 41
7
9 [0] 2 27 28 29 28 26
10
41 30 [6] 35
7
26 1 25 [0] 36 24
11
24 36
3
4 5 6 7 8 9
9
0 2
0
28 41 30
2
26 [1] 2
8
26 [1] 2
8
12 13 14 15 16 [17] 22 23
19
13 14 15 16 17 7 16 18 5 19 [20] 29 3 42
22
21 17 22 23 [15] [0] 2 27
15
28 [26] 1
5
29 [20] 21 17 22
8
38 [2] [0] 11
12
34 [6] [0] 2
10
26 9
3
30 [6] [0] 32
10
5 19
0
11 [32] 36 2 38
9
17 22
2
28 [20] 21 17 22 23
12
19 [5] 6 7 8 9
14
28 41 30 6 40
2
23 [15] 20 33 [25] [6] 40
12
14 [15] [20] 28 41
13
31 [0] 2
8
17 7 16 18 5 19 20 21
7
38 [2] 0
7
14 [15] [0] 2 27 28 29 28 26
15
3 29 [20] 21 17 22
8
25 33 20 15
2
34 [6] [0] 36 24
12
40 [6] 7 8
10
4 [3] 29
7
0 15 20 33
2
15 20 33 [25] [6] 30
7
2 27 [28] 41
5
34 [6] 7 8 9 10
10
1 [0] 2 27 28 [29] 3 42
14
18 16 7 17 16 15 14
9
ROUTE NOT FOUND
0 2 27 28 [29] 3 42
7
27 28 [29] 3 42 26 43 44
9
7 [17] 22 23
10
38 5 20 39
3
21 17 22 23 [15] 20 33 [25] [6] 40
17
ouch
null
999999996
41 30 [6] 34
9
22 23 [15] [20] 28 41
14
39 40 [6] 35
9
34 6 [25] 33 [20] 21 17 22 23
17
33 20 15 [0] 32 36
7
1 [0] 6 35
7
24 36 0
6
42 [26] [9] 10
14
34 6 [25] 33 [20] 21 17 22 23
17
40 6 30 41 28 20 29
9
19 [20] 15 [0] 2 27
14
3 29 20 28 41 30 6 40
4
37 [25] 6 34
9
26 9 [30] 6 40
8
0 25
0
6 [5] 19 20 21 17 22
9
13 [0] 6 35
8
37 [25] [6] 40
12
36 [32] [15] 16
13
27 28 29 28 [26] 1 [25] 37
16
19 [5] 4 3
10
30 [31] 15
10
12 13 14 15 16 17 7 16 18 5
14
24 32 [11] 12 13
10
36 32 [0] 13
8
39 [20] [15] 14
16
33 [25] [6] 7 8 9 10
12
38 5 [20] 15
8
44
0
3 4
2
ouch
null
999999996
27 28 29 28 [26] 1 25
11
33 20 15
2
13 [0] 32 36 2 38 5 20 39 40
17
17 22 23 15 [24] 32 11
13
21 [17] 7 16 18 5
10
ROUTE NOT FOUND
40 [6] 0
7
17 7 16 18 5 19 [20] 29 3 42 26
15
11 26 1
2
22 23 15 24
3
2 27 28 29 28 26 [9] 8
13
39 [20] 33 [25] 37
13
42 3 29 20 28 41 30
4
26 [11] 12 13 14 15 16 17 7 16 18 5 19 20 21 17 22
24
37 [25] 33 20
5
2
0
25 [6] 7
8
37 [25] [6] 7 8
15
26 [11] 12 13 14 15 16 17 7 16 18 5 19 20 21
22
36 2 38 5 [20] 21 17
10
6 [5] 19 20 21 17 22
9
5 4 3 [0] 32 36
11
39 [20] 15
10
27 [28] 41 30 6
7
ROUTE NOT FOUND
13 14 15 16 17 7 16 18 5 19 [20] 28 41
20
21 17 22 23 [15] 31
10
36
0
ROUTE NOT FOUND
37 13 [0] 32 36 2 38 5
14
12 11 [0] 15 20 33 [25] 6 34
15
12 11 [0] 6
9
13 [0] 32 36 2 38
12
34 [6] [0] 2 27
10
29 20 28 41 30 [6] [5] 38
17
0 11 12 13 14 15 16 17 7 16 18 5 19 20 21
19
40 6 30 41 28 20 29 3 42 26 43
11
42 3 29 [20] 39
8
38 5 [20] 33 [25] 37
11
37 [25] [6] 5 4
13
1 [25] 33 20
8
15 32
1
40 [6] [0] 32 36
12
6 [0] 15 20 33
7
41 30
2
7 16 18 5 19 [20] 29 3 42 26 43 44
15
33 [20] 21 17 22
7
31 [0] 1
8
29 20
1
16 18 5 19 [20] 29
11
18 5 19 [20] 15 [0] 11 12
20
15 20 33 [25] 6 34
4
32 36 2 38 [5] 6 7 8 9 10
17
39 [20] 21
8
21 17 22 23 [15] [20] 28 41
16
7 16 18 5 19
3
40 6 30 41 28 [20] 33
13
4 5 6
5
16 18 [5] 20 39 40
13
14 [15] [0] 6 35
12
0 31 [15] 16
9
30 [31] 15 32
11
39 40 [6] 5
9
16 [15] 32 11
12
38 [5] 4
6
38 [2] [0] 13
14
8 [9] [0] 2 27 28 [29] 3 42 26 43
20
20
0
4 3 [0] 2
10
12 11 [0] [6] 40
14
41 30 [6] [0] 32
12
24 36 0
6
ouch
null
999999996
16 [7] 10 9
6
26 1 [25] 33 20
8
6 [5] 19
5
3 4 5 6 [7] 16
13
19 [20] 15 [0] 1
14
27 28 [29] [20] 15
13
38 [2] 27
7
36 32 [0] 25
6
20 21 [17] 7 16 18
7
36 2 38 5
4
8 [9] 30
6
27 28 [29] [20] 21 17 22
13
ouch
null 27
999999999
5 4 [3] 42 26
8
11 12 13 14
4
14 [15] 20 33 [25] 37
12
29 3 42 26
2
33 20 [15] 16 17 7 16 18
12
41 28 [20] 33
9
ouch
null 44
999999999
1 [2] 38 [5] 19
15
11 [0] 9
6
20 28 41 30 6 40
3
21 17 22 23 15 24
5
30 [6] [0] 11 12
13
25 33 [20] 39
7
26 1 25
3
12 11 [0] 15 20
11
7 16 18 5
3
7 10 9
1
ouch
null
999999996
6 [0] 11 12 13 14
12
ouch
null
999999996
ouch
null
999999996
27 28 29 28 26 9
6
38 [5] 6 7 8 9
12
30 41 28 20 29
7
16 18 [5] 20 39 40
13
36 32 [0] 9
7
16 [15] 20 33 [25] 6 34
12
28 41 30
2
28 29
0
38 2
2
20 [15] 14
8
33 [20] 29 3
8
10 [7] 16 18 5 19 [20] 29 3 42 26 43
18
7 16 18 5 19 20 21 17 22 23 15 [24] 36
18
3 [0] 32
8
27 28 [29] [20] 33
11
41 28 [20] 39
11
7 16 18 5 19 20 21
5
11 [32] 36 2 38
9
10 [7] 16 18 5 19 20 21
10
3 42
0
0 15 20 33
2
18 5 19 [20] 15 [0] 2 27
17
12 13 14 15 16 17 7 16 18 5 19
14
6 7 8 9
4
33 [20] 29 3 42 26 43
8
ouch
null
999999996
41 30 [6] [0] 2
12
6 [5] 19 20 21 17 22
9
15 20 33 [25] [6] 40
7
21 [17] 7
7
9 [30] 6 40
5
4 5 [6] 35
10
40 [6] [5] 38
15
31 0
3
ROUTE NOT FOUND
13 12 [11] [26] 43 44
16
34 6 [25] 33
7
10 9
1
1 [0] 2 27 28
7
18 16 7 17 16 15 14
9
42 3 29 20 28 41 30 [6] 7 8 9 10
14
9 [0] 3
10
8 [9] [0] 2 27
13
29 [20] 33 [25] 37
11
40 6 [30] 9
7
3 29 [20] 21
6
31 [15] 16 17 7 16 18 5 19 20 21 17 22
19
ouch
null 44
999999999
15 [0] 32 36 2 38
9
ouch
null
999999996
22 23 [15] 20 33 25
8
30 [6] [5] 38
13
39 [20] 29 3 42
11
19 [20] 29 3 42 26 43
10
1 [0] [6] 40
12
0 15 [20] 21
7
18 5 19 20 21 17 22
7
17 22 23 15 [24] 36
13
17 22 23 [15] 31
10
10 [9] [30] 41
13
23 [15] [0] 1
10
42 3 29 [20] 21 17 22 23
11
1 [2] 38 [5] 19
15
36 32 [0] 2 27 28 [29] 3 42
13
3 29 20 28 41 30 6 40
4
41 30 [6] [0] 25 37
13
15 [20] 21 17 22
7
34 6 [25] 33
7
13 [0] 32 36 2 38
12
4 3 [0] 31
10
26 9 30 31
6
ouch
null
999999996
10 [9] [0] 2 27 28 29
13
22 23 15
3
32 36 2 38
4
19 20 21 17 22 23 [15] 14
13
16 [7] 10 9
6
31
0
ouch
null
999999996
0 15 [20] 21 17 22 23
12
12 11 [0] 9
10
26 1 25 [0] 3
12
18 5 19 20 21 17 22 23
10
ROUTE NOT FOUND
ouch
null
999999996
13 12 11
2
10 [9] [0] 2 27 28 29 28 26
16
36 2 38 5 [20] 21 17
10
3 42 [26] 1
5
3 29 20 28 41 30 6
4
29 20 28 41 30 [6] 7
10
42 3 29 20 28 41 30 6 40
4
6 [7] 16 18
6
9 10 [7] 17
6
28 41 30 [6] [0] 32 36
12
3 [0] 32
8
5 [20] 28 41
7
11 [0] 25 37
6
27 28 29 28 26 [9] 10 [7] 16
17
11 [0] 2 27
5
9 [30] 6
5
31 [15] 16 17 7 16 18
12
36 2 38 5 [20] 21 17 22
12
11 [0] 9
6
28 41 30 [6] 7
8
15 [20] 21 17 22
7
17 [7] 8
9
0
0
0 2 27 28
0
0 2 27 28 [29] 3 42 26 43 44
9
36 32 [0] 2 27 [28] 41
11
40 [6] [5] 19
12
4
0
16 18 5 19 20
5
32 [0] 1
5
23 [15] [20] 29 3
13
20 28
1
3 4 [5] 38
12
ROUTE NOT FOUND
26 9 [30] 6 40
8
37 [25] 6 34
9
42 3 29 [20] 39
8
ouch
null 39
999999999
1 [0] 3 4
12
28 41 30 [6] [7] 16
13
ouch
null
999999996
34 [6] 5 4 3
8
27 28 29 28 [26] 1 25 [0] 32 36
17
33 20 15 [0] 32 36
7
24 36 [0] 6 35
11
5 38 [2] 27
10
33 [20] 28
6
ROUTE NOT FOUND
3 4 [5] 38
12
13 14 15 16 17 [7] 10
14
15 [0] 13
7
42 3 29 20 28 41 30 6 40
4
37 13 [0] 31
10
42 3 29 [20] [15] 14
14
30 41 28 [20] 21
11
11 [32] 36 2 38
9
38 [5] 6 7 8
11
31 15 32 11
6
ouch
null 21
999999999
42 [26] 1
5
13 14 15 16 17 [7] 10
14
24 [32] 36 2 38 5
10
10 [9] [0] 2 27 28 29 28 26
16
38 5 20 39 40 6 30
7
10 [7] 16 18 5 19 [20] 29 3 42 26 43
18
39 40 [6] 5 4
10
16 7 17
0
9 0
2
32 0
0
26 1 25 [0] 36 24
11
3 [0] 2 27
8
18 5 19
3
9 [0] 15 20 33
9
15 20 33 [25] 6
2
38 5 [20] 21 17 22 23
11
8 [9] 30
6
38 [5] 4
6
5 20 39
3
14
0
23 [15] 16
7
13 37 [25] 6
8
ouch
null
999999996
ouch
null
999999996
7 10 9
1
ouch
null
999999996
9 10 [7] 16
6
30 41 28 20
6
ROUTE NOT FOUND
16 18 5 19 [20] 29 3 42 26
13
34 [6] [5] 19 20 21 17 22
14
32 [15] 20 33 [25] 6 34
9
17
0
14 [15] [0] 1
12
2 27 [28] 41
5
2 38 5 20 39 40
7
0 3
3
15 14
1
20 15 [0] 32 36
7
12 13 14 15 16 17 7 16 18 5 19 20 21
16
1 [0] 32
7
37 [13] 12
7
22 23 [15] [0] 9
14
38 5 20 39 40
5
ouch
null
999999996
6 40
0
40 6
2
13 14 15 16 17
7
29 [20] 39
8
32 11
2
21 [17] 7 16 18
7
25 33 20 15
2
39 40 [6] 7 8 9 10
14
41 30
2
